3,2
3,1
3,3
10,223
10,293
10,308
10,283
10,84
10,224
10,115
11,27
11,21
11,23
8,6
8,14
8,18
8,7
8,16
8,9
8,2
8,3
45,7
45,6
45,5
45,4
45,3
45,2
45,1
45,0
41,6
41,5
41,4
41,3
41,2
41,1
41,0
38,65
38,64
38,35
38,34
38,33
38,32
38,31
38,30
38,29
38,28
38,27
38,26
38,25
38,24
38,23
38,22
38,21
38,20
38,19
38,18
38,17
38,16
38,15
38,14
38,13
38,12
38,11
38,10
38,9
38,1
20,3
20,2
20,1
19,3
19,2
19,1
12,3
12,2
12,1
11,29
11,28
11,26
11,25
18,1
11,24
11,22
11,20
11,19
11,18
11,16
11,15
11,14
11,13
11,12
11,11
11,10
11,9
11,8
11,7
11,6
18,3
11,4
11,3
11,2
14,1
11,1
14,3
13,1
10,307
10,294
13,3
